[128,128]((44.6948,41.7898,41.139,55.222,46.7387,37.9967,38.294,50.4127,60.5276,47.2423,50.0533,26.5168,49.8319,61.1367,34.6778,15.9721,14.2034,43.4262,22.134,45.4168,59.2806,30.5261,22.8273,47.5998,24.3022,42.3827,57.6801,48.0506,23.4766,66.5917,50.1601,54.8219,36.0602,52.0997,52.6958,30.0701,19.9111,49.2845,50.2453,38.1349,70.1402,54.2304,55.1357,47.9999,34.3819,61.5269,33.4608,50.6885,60.3283,52.1166,60.6707,90.4812,67.4642,26.5789,40.8302,56.6918,93.9439,83.7828,75.8217,55.0705,15.6642,66.5513,96.4292,57.4171,75.9072,69.4317,21.0139,45.341,73.85,36.184,85.2551,49.3334,54.2763,38.3312,61.4728,42.1532,27.5596,33.5716,59.3053,51.4231,21.3143,74.7763,21.9761,59.4747,37.4375,38.8089,44.5245,57.306,60.2819,82.4905,16.128,68.2939,27.4676,76.5784,63.8429,65.4604,38.2879,42.8197,30.3505,33.9808,54.6637,61.7689,70.5458,59.8466,88.1528,80.9117,70.3413,33.6882,12.9196,40.2641,61.5427,78.0763,47.6478,64.7275,51.9289,49.5578,36.243,23.9594,49.8848,86.5028,56.9805,53.9324,63.3637,76.5801,6.4948,22.4498,43.3497,15.5072),(41.7898,19.0269,20.2585,22.1461,56.8054,16.7744,56.5856,5.8053,51.2799,64.4461,39.3682,76.5764,36.4067,36.0778,20.4017,50.2737,51.4804,24.1561,92.3728,50.1353,69.907,76.5844,30.5586,40.4634,68.7343,31.2801,64.6037,65.1477,67.3384,53.8676,66.7679,66.7013,55.9249,65.0968,56.0161,26.2561,77.1163,43.8832,66.5199,75.2379,64.5489,15.5288,70.8409,48.9305,40.9314,83.4746,64.9697,41.2821,81.766,67.2289,34.8826,33.6557,35.0264,48.7567,63.5047,62.7605,66.6682,76.2702,35.5864,50.3794,48.6716,23.0895,68.1426,55.059,47.765,89.5051,11.4479,78.8002,65.7561,70.0503,60.4204,66.8507,41.3281,59.4527,49.5832,67.4283,60.2133,79.7105,30.3736,51.7198,10.4646,81.8291,37.2178,39.9293,34.3529,24.8952,58.4972,31.4449,40.9993,49.8927,17.8376,56.1697,74.4013,36.1992,88.995,57.7324,64.9726,36.3437,14.2567,78.3784,30.0517,25.1959,65.9762,51.7803,11.7169,28.7704,51.0468,35.3046,49.6251,48.6304,23.5689,78.5717,71.2032,15.3145,67.4133,73.1962,80.3982,32.0508,29.1736,30.4228,63.6058,68.4538,42.2147,63.4082,44.0109,76.6371,29.1902,63.675),(41.139,20.2585,47.4227,68.4685,29.6605,35.3715,30.1705,49.2202,57.6507,22.1436,47.9982,53.6494,61.4993,65.1614,58.5178,70.4613,28.6974,39.9545,56.6397,7.0086,55.5989,35.7941,66.4701,58.1953,9.4644,55.8215,20.9726,55.3032,69.3689,53.4942,71.6457,57.8483,16.0849,34.3229,26.0734,78.0504,33.261,41.8092,48.116,32.9971,76.9245,90.9587,73.1539,81.0767,17.8345,31.2099,50.3016,62.8513,61.4997,68.6382,65.7545,34.27,44.7393,51.367,42.5404,44,55.2685,56.1842,33.1994,19.3088,56.0109,43.1685,25.2709,37.2619,64.4181,33.5845,71.9065,69.3797,50.8559,28.2314,80.1023,84.9197,32.4284,75.8302,12.4528,65.7683,55.7907,72.7581,42.6274,57.4857,20.5701,80.9743,40.256,41.6528,59.918,63.8649,31.2985,44.0332,49.0558,46.8307,60.7219,49.4138,14.8986,34.4652,41.0373,61.6385,48.0302,63.4254,20.2013,47.2102,68.0003,35.3222,58.319,59.37,70.583,40.6483,49.8938,15.4498,44.259,53.7709,53.735,63.9543,31.2576,37.7633,69.4011,67.1191,47.6382,12.8917,36.7583,46.3747,53.0626,14.3767,46.3374,62.8706,58.0487,35.7999,70.2682,59.8758),(55.222,22.1461,68.4685,99.5875,23.7393,56.331,28.7519,72.864,52.1916,68.0196,33.659,49.8827,56.2695,61.4843,45.2374,83.6968,88.2859,44.0842,86.0599,13.802,55.0367,16.1644,24.0897,8.483,28.2773,71.1635,28.8932,29.983,96.3608,71.6813,28.3127,49.2164,58.0649,54.6082,33.2132,76.7468,56.8566,68.9308,24.644,27.3375,60.3999,46.8473,72.8693,50.2477,60.2976,46.6564,75.2573,67.3682,21.2929,95.1763,60.4027,87.8056,46.0831,75.8299,61.1535,60.0072,35.9752,35.4964,27.5778,77.6209,70.0608,71.7,36.8828,60.2294,41.2546,46.8774,33.3569,56.786,18.861,74.7485,27.3105,61.6511,82.6698,35.6326,79.1378,39.002,29.6144,36.3901,57.4487,39.5191,38.0516,49.4819,67.1345,47.8982,51.5914,77.0213,56.3431,27.0968,66.2542,20.5092,49.2113,53.2469,70.9285,73.1824,88.3729,54.3126,30.9862,32.5987,53.3831,11.2622,45.9624,58.1024,26.4037,75.9189,28.6473,39.0789,36.03,47.3898,55.3683,72.4432,58.6679,64.5455,62.8108,47.8216,52.8415,55.7707,59.814,70.0169,48.1283,44.148,95.348,40.7719,40.3763,39.6784,85.9633,53.9844,40.5442,23.6844),(46.7387,56.8054,29.6605,23.7393,86.7981,42.1404,62.5075,31.161,57.8407,16.6365,60.4373,34.4503,53.5312,11.4595,43.9589,53.0095,50.2931,29.1767,29.4249,21.8921,47.042,83.7998,76.7075,65.382,91.9714,29.0964,31.6782,60.1947,90.6784,66.6251,51.1226,49.8758,41.8049,59.539,32.5927,56.7758,61.7571,37.2957,10.8773,58.2019,48.5024,57.9496,75.9053,38.5069,85.9597,37.8049,59.0537,53.6236,64.6038,75.5772,61.4542,54.8088,44.499,56.3778,83.3348,70.3273,76.4333,45.2242,65.6667,48.5626,48.532,49.8308,42.2454,83.6561,20.5259,36.0602,36.7109,34.838,66.8288,67.4246,86.767,50.6572,61.2499,43.3632,61.5444,78.6188,19.3757,39.7581,43.7233,37.46,62.2326,43.8478,64.8244,16.6205,32.3356,63.7324,41.733,80.1644,22.139,81.4852,89.3754,42.0602,66.1975,51.7279,81.4387,33.0637,48.5263,14.9261,44.984,54.3721,28.5122,40.582,55.1421,67.3882,47.8768,72.423,63.4883,53.6026,43.0384,48.3681,58.4341,75.4681,65.6377,75.1628,63.1221,61.9638,27.0997,36.5978,62.4244,66.8092,43.0209,47.3492,38.8222,34.0381,70.2397,59.3117,29.8973,36.958),(37.9967,16.7744,35.3715,56.331,42.1404,80.2932,77.5906,61.0173,21.7443,17.6724,43.4444,40.7553,43.3616,85.1579,54.6353,31.5286,15.8625,25.3288,75.2958,82.6934,37.5492,34.4631,33.9365,80.21,51.9815,89.3402,65.5666,75.1061,35.5957,38.2628,16.754,50.6735,90.3539,42.4818,48.9913,55.946,31.373,81.271,34.6725,64.1364,6.3213,39.2733,17.6204,39.1822,34.1709,52.4085,25.5999,42.842,30.5988,87.5016,34.8549,43.7912,30.0638,41.9892,62.7122,18.371,24.7021,72.2866,82.9724,40.4137,78.5082,52.4543,66.1945,53.6566,85.2939,31.0937,47.2454,71.8759,35.5229,56.0108,59.2692,31.0929,81.6122,35.1827,49.8362,50.7731,38.7477,59.5473,86.5251,49.4524,67.3728,17.4449,48.266,19.837,55.0909,39.6558,77.5318,15.3688,82.7606,60.0513,21.7944,57.4855,94.3157,57.5368,6.8161,54.2752,67.9399,28.7922,15.9606,43.4318,35.9659,40.4651,73.0235,78.1777,39.8032,51.7469,33.3828,50.4657,30.9764,39.9148,66.0389,45.4859,54.2484,36.7872,57.1371,47.1833,52.4579,45.3362,47.8434,59.0362,68.6285,46.8282,68.8181,79.6157,45.0431,56.4411,45.7199,24.8072),(38.294,56.5856,30.1705,28.7519,62.5075,77.5906,31.7547,68.4335,67.1635,40.4053,27.5073,67.5012,58.8332,75.4476,96.1775,51.2618,53.5041,51.103,46.1454,42.4038,62.824,94.9481,51.9103,28.5148,61.4955,69.7312,35.5976,16.1685,26.8579,56.2965,90.5168,58.9055,44.0644,27.0464,61.2083,70.8144,53.8272,61.4258,61.6736,41.7107,50.538,53.218,28.4887,51.1084,73.3721,41.1372,52.4464,62.9055,75.9467,34.9691,19.4872,77.1996,47.5835,39.8917,24.5836,45.1573,49.8312,87.3681,15.2297,54.6,23.664,49.2682,36.6072,77.4992,81.9161,54.4096,2.4486,53.4796,49.9907,55.6939,59.6924,48.1389,65.1738,35.5181,84.893,29.4466,55.4868,12.5915,26.058,41.9701,60.172,22.0989,42.7431,77.1185,13.6029,39.7208,58.8619,42.6746,43.5855,36.546,50.8539,69.3599,53.7984,88.5597,62.7165,47.7474,77.2971,53.7906,20.53,68.9169,60.161,59.5272,43.4937,59.7686,64.8462,39.586,50.6702,23.6009,43.0113,52.624,36.7567,56.4678,63.4592,51.4846,62.2214,21.5463,41.7511,16.4702,10.0046,49.9889,78.0179,46.2262,55.2902,31.0342,16.386,49.553,73.1009,59.3759),(50.4127,5.8053,49.2202,72.864,31.161,61.0173,68.4335,58.5644,55.5812,29.1831,40.6951,27.2787,66.3737,30.0588,63.1729,92.8889,83.6004,73.2456,68.5039,27.0257,50.3625,46.3373,61.2838,48.7377,30.1806,54.8352,46.7386,50.029,42.4715,46.6809,70.7036,88.1691,39.4249,19.7387,81.4648,28.482,40.5997,62.4208,33.6965,47.425,37.2562,60.5761,28.7402,92.4011,92.0154,72.6107,45.1449,65.0269,52.1631,49.5294,41.1638,61.4284,37.9955,62.352,36.9405,27.3455,43.9209,51.2468,52.7244,58.4351,12.7423,39.9743,52.8763,12.1171,42.171,43.8907,91.6361,50.6898,42.1727,25.1006,35.9005,36.1256,50.6957,46.0757,72.8007,23.0695,74.3147,66.7322,6.1836,34.4674,63.5501,54.6128,66.3536,85.9234,18.8923,52.4926,31.764,36.4995,70.4183,54.7042,40.8928,63.3704,34.5425,67.3775,59.9357,44.3867,97.9776,68.927,29.8036,29.5454,60.5957,60.5278,60.1861,52.2607,59.3748,65.5515,24.8414,58.9945,37.3523,51.5212,50.5878,50.1375,44.4797,19.8208,37.3192,62.1181,47.9261,6.8462,47.7252,38.5236,48.4681,5.4538,42.118,37.016,86.4517,33.9447,71.6695,59.1892),(60.5276,51.2799,57.6507,52.1916,57.8407,21.7443,67.1635,55.5812,75.0554,54.0702,12.0002,81.9789,81.9537,37.3589,62.2005,86.7632,43.4798,62.1004,56.811,23.15,53.7132,57.8245,69.8951,24.1218,44.0648,31.7748,76.2707,76.4393,45.4595,51.7079,70.1406,38.0152,44.1447,78.2583,65.5982,4.2247,77.3664,22.403,47.0863,72.493,74.0633,29.3874,50.9162,41.8118,50.2205,5.9322,34.9525,57.4514,42.4286,20.4301,81.1843,39.2042,37.9921,11.3191,30.2436,57.9717,46.2737,54.4122,56.3309,34.8794,83.4489,39.6059,25.593,73.2715,64.095,87.2646,33.0533,34.9849,59.8655,64.0623,47.8514,78.0651,49.9682,49.0332,63.1607,49.8398,59.8809,21.3758,65.8787,54.2055,59.1747,76.4465,49.0828,50.6068,83.8674,72.6593,34.8599,52.7321,49.6846,77.6788,53.9563,76.9279,69.5308,46.4418,28.0674,30.7222,61.7533,60.3293,52.6823,52.8162,73.7155,47.0197,48.2169,56.2922,23.7971,54.8164,53.7659,49.2092,37.6745,31.3082,53.4458,78.028,87.77,17.5855,74.0069,25.1612,59.6306,53.3341,71.1641,79.7089,72.5089,52.797,31.7458,58.981,77.3502,46.9597,40.7969,29.9497),(47.2423,64.4461,22.1436,68.0196,16.6365,17.6724,40.4053,29.1831,54.0702,45.0922,42.9451,41.9932,45.5635,41.5955,22.8473,38.1529,38.6477,64.3701,61.1053,95.3092,41.9418,34.1405,48.318,65.6781,30.3351,11.4504,93.3401,71.7745,23.1728,53.8556,10.7946,42.107,47.03,39.9415,41.196,40.0036,31.8607,53.6751,36.3203,56.0029,3.9698,46.9196,25.8679,48.8625,46.6082,60.7395,14.2514,49.844,71.0209,52.5904,55.1418,75.0238,34.8202,46.5564,2.6526,73.1804,72.8154,36.331,62.0591,46.3154,14.9174,49.9713,76.8889,41.8121,83.9887,25.5673,22.8037,73.6646,19.3309,42.6694,51.7024,47.4827,16.4746,39.5396,63.7892,64.5611,31.5002,48.132,7.9322,49.4396,94.8152,26.2555,70.9669,82.2617,40.2203,69.2816,30.5734,67.018,38.2783,28.7174,78.8267,76.2558,73.8807,46.1429,68.7064,69.6505,50.3384,24.8184,43.7191,48.1207,50.1326,52.8346,67.4451,24.321,58.1482,43.1646,56.9745,53.3401,51.6672,53.1203,40.3242,56.0945,42.9413,35.4148,73.1509,22.7698,47.8143,27.0264,68.9397,60.1834,55.114,34.7905,63.4389,27.9817,67.5511,71.8822,91.5122,59.4739),(50.0533,39.3682,47.9982,33.659,60.4373,43.4444,27.5073,40.6951,12.0002,42.9451,9.0285,51.0439,59.1937,83.3278,3.82,39.3252,29.3618,49.5402,53.8666,57.5538,18.971,59.1075,36.983,29.4791,63.7333,27.095,32.702,76.3589,69.5259,64.4647,61.5063,43.3665,13.4597,55.7721,35.6701,55.2031,50.7393,50.1613,39.0253,55.1848,58.5542,63.1101,47.6759,48.3295,58.786,15.4248,35.7392,26.5175,85.2357,49.3011,48.28,51.7538,18.5638,47.1384,32.9135,48.2752,39.0392,24.9772,69.0516,29.8481,44.7059,60.1417,77.4379,42.3382,38.5754,33.9097,41.9603,23.3701,42.4161,42.3326,23.0572,27.8926,51.4874,51.868,33.5186,40.9433,39.2024,44.2623,42.0965,51.8551,37.9641,55.1928,29.6724,30.227,45.0059,27.195,58.529,50.819,66.2778,29.8079,30.5281,32.1237,76.4547,37.4902,26.9178,40.1511,37.4884,53.1418,44.1211,29.9638,24.5499,26.1543,10.6779,69.8597,49.1462,49.2175,57.4194,50.078,32.018,63.0301,52.0962,38.8803,29.6064,59.1652,35.3167,73.9963,28.7911,40.9639,41.5732,61.3922,49.1914,26.5896,54.6387,32.5028,69.4567,43.0599,71.7151,19.3095),(26.5168,76.5764,53.6494,49.8827,34.4503,40.7553,67.5012,27.2787,81.9789,41.9932,51.0439,51.1189,35.9823,22.1771,44.8217,82.2076,38.4691,75.1026,49.2368,80.5851,33.2227,8.7169,68.5238,46.7975,59.0507,25.7581,56.6085,56.6969,44.9543,87.3911,38.0929,21.4768,55.3275,10.5689,44.2121,70.6158,35.2272,71.5406,83.1737,18.6622,33.6358,25.15,41.5695,78.9375,4.7173,26.193,69.3574,65.289,68.5818,74.8355,17.0196,37.0696,79.1093,57.7302,44.4186,82.545,22.484,39.7306,35.041,51.4408,60.5738,16.9383,11.2634,65.2571,31.2925,8.869,62.6166,56.9967,70.6821,32.3484,46.8876,52.3664,37.9564,49.2302,52.8786,19.9478,71.2718,95.0784,62.2407,77.8076,19.9549,90.0438,55.1716,31.5661,56.7933,37.1843,77.4458,43.6386,39.9411,23.0497,64.459,77.1176,26.4185,38.2592,52.9397,31.8678,44.1876,28.7882,86.0424,49.6135,28.4231,40.1958,68.7229,21.3913,91.9315,34.1951,72.3347,56.7275,58.3717,42.2492,54.1377,50.1573,58.5993,42.2624,41.4682,49.7876,68.577,65.5627,48.8166,38.3155,19.7982,14.0703,84.6322,62.7931,78.3494,36.0421,47.9097,80.5877),(49.8319,36.4067,61.4993,56.2695,53.5312,43.3616,58.8332,66.3737,81.9537,45.5635,59.1937,35.9823,89.0982,60.6693,60.8008,49.092,43.9112,57.7417,53.4309,51.6256,52.8017,59.6966,68.7892,20.5216,75.4959,21.3728,77.1518,48.4213,67.7406,52.9682,77.5177,55.8511,83.4083,45.5072,83.9789,44.2862,40.8628,79.2921,95.6026,73.4926,60.3702,38.7073,57.6574,42.827,44.6752,40.8957,58.2031,47.0416,17.8786,51.9123,62.6646,40.9082,43.788,49.5195,16.1838,48.5809,61.6536,68.4837,50.0727,32.0197,25.2336,57.4991,42.4967,36.9685,18.556,37.7333,27.2547,29.7207,46.8284,61.3682,10.3695,48.4781,70.8121,60.7988,72.5314,5.5538,63.3667,23.4171,43.7763,27.9122,40.0055,51.3732,74.2441,25.6007,74.9049,33.821,40.7769,17.7003,22.193,91.7321,40.7137,27.2617,59.1199,42.6692,63.7839,50.4969,30.738,38.4222,26.204,82.712,42.8508,22.8636,73.0458,85.9053,71.7759,3.3326,33.8476,60.7659,22.3879,40.3564,66.401,68.4142,42.8095,19.9143,60.5836,18.851,43.3618,5.8493,51.4346,40.1381,78.4403,63.7658,91.6638,26.2655,64.0543,38.784,47.8348,56.6431),(61.1367,36.0778,65.1614,61.4843,11.4595,85.1579,75.4476,30.0588,37.3589,41.5955,83.3278,22.1771,60.6693,79.6655,55.4949,52.0626,56.3444,36.2533,66.3057,43.9689,53.9199,71.6602,45.1718,39.7588,23.313,40.0473,38.5511,63.4809,43.1742,46.4985,74.9692,29.4624,77.5921,65.2934,39.0426,25.918,32.3505,76.5605,64.0586,47.3848,23.2419,20.5389,55.6624,21.8723,12.945,50.3522,45.916,9.3859,20.9778,52.576,81.1084,38.9905,43.1346,74.8827,6.6037,61.1681,72.5854,80.5565,17.3436,51.5844,82.3754,56.3483,61.8088,47.0615,47.1404,37.9881,32.5879,52.0101,73.8284,23.037,48.9516,6.7396,90.7844,17.0052,42.426,79.1766,54.5421,73.2404,58.3511,23.6995,61.0541,28.702,47.8125,64.2558,40.3579,64.2979,53.6016,78.9467,42.9432,35.7963,55.3171,22.5797,29.3186,30.3557,42.9121,91.8153,59.5368,50.4344,19.2672,19.9549,35.6345,57.7175,14.7963,52.9351,54.2457,30.8116,48.8026,49.5719,58.0744,66.8687,31.2057,48.9078,69.7741,40.7511,85.8346,78.6045,47.4068,47.4009,33.1603,22.6964,64.8501,61.0957,39.3143,87.443,44.1369,10.2699,35.2382,17.1684),(34.6778,20.4017,58.5178,45.2374,43.9589,54.6353,96.1775,63.1729,62.2005,22.8473,3.82,44.8217,60.8008,55.4949,78.6999,42.0356,30.0179,56.1979,68.6444,67.5453,73.8339,32.1398,84.4923,75.9405,60.6292,74.7037,75.5042,27.2933,69.3446,41.882,21.1252,9.9848,73.6332,9.717,57.9684,57.6913,39.2499,43.8225,89.036,32.47,19.5897,71.7414,75.3193,87.3128,61.1157,33.0102,40.9113,57.2427,74.712,27.2731,36.1616,16.9747,40.2036,19.3011,43.4974,21.2021,90.2129,14.3378,49.2111,37.7437,52.5177,49.1807,14.9717,18.8086,29.4425,79.9497,47.2447,36.3626,86.3031,49.6795,76.3755,52.0364,15.2488,11.8345,56.8455,56.7881,50.1889,25.9859,37.4719,34.3824,74.7004,16.9012,57.5269,66.8119,48.6502,47.0162,76.8217,29.7544,15.595,68.4069,27.5813,24.0939,35.1193,16.3883,9.5588,53.2147,62.8166,39.0941,29.31,59.6508,34.6621,19.3918,82.1852,71.058,24.7319,18.9601,91.0037,56.4159,47.6646,33.2785,37.8643,60.7201,24.6694,52.1816,22.8618,48.3445,28.0286,70.8569,75.5725,27.3259,81.0021,53.4541,70.6524,59.9242,45.2131,50.6679,28.7007,54.4487),(15.9721,50.2737,70.4613,83.6968,53.0095,31.5286,51.2618,92.8889,86.7632,38.1529,39.3252,82.2076,49.092,52.0626,42.0356,46.7377,11.0182,31.1715,69.5927,16.8878,80.9304,78.6388,91.0235,84.2381,58.238,25.2878,55.8868,60.851,48.6724,36.8472,12.8638,95.1133,21.3499,70.2948,9.8896,35.7914,91.3339,41.6831,62.5653,62.8194,45.5811,60.4033,40.8907,52.9507,53.9638,38.5573,57.5548,35.2861,29.1951,21.8217,29.1996,45.3209,46.1138,53.7643,51.7163,45.0355,83.7196,45.6382,57.3027,86.2423,50.464,58.7931,44.9155,60.1256,63.1402,34.6974,51.2003,83.4729,60.3507,52.0537,51.4685,46.7001,25.4069,62.0551,14.8045,55.0555,20.0499,46.2769,38.5152,82.6814,46.2088,56.2668,46.5185,38.2519,80.4876,37.0619,60.6871,37.0044,95.4402,95.1381,22.1811,68.3868,43.4963,79.1273,44.1095,32.3926,81.0429,25.9747,45.4884,49.6007,43.8487,40.237,62.9764,42.1141,43.2334,8.7177,20.2393,9.5322,16.0458,50.2737,5.4379,44.0816,90.0374,41.5934,68.6669,82.8021,84.6716,27.2029,43.5538,56.2362,41.6625,26.6632,47.2916,19.3942,34.0512,30.2831,66.5884,49.7242),(14.2034,51.4804,28.6974,88.2859,50.2931,15.8625,53.5041,83.6004,43.4798,38.6477,29.3618,38.4691,43.9112,56.3444,30.0179,11.0182,34.1269,48.7096,63.0407,51.9661,64.2938,45.5508,7.7831,41.4022,45.8629,55.0775,52.6744,65.5273,68.7159,43.0934,72.4129,55.839,60.8034,41.931,23.1822,47.9351,67.2622,62.084,47.6227,14.5041,49.6305,13.4757,65.0432,27.4378,50.0956,13.2507,39.4796,42.6245,55.5635,31.6678,83.6941,71.4534,44.4967,75.4056,32.0987,54.6806,57.2144,83.2596,37.9851,71.4023,8.7751,62.3815,85.4071,60.7453,14.1596,29.7705,61.3105,75.9209,36.6428,41.9112,85.4247,49.6672,32.582,45.481,21.6675,37.0674,46.6855,47.2545,23.2289,45.3631,28.3997,25.3252,12.4597,36.1654,63.0589,87.0757,57.3856,46.1767,57.0217,69.3663,22.1399,82.43,23.2158,58.7452,21.86,50.3682,67.8929,36.3853,6.5333,61.615,22.656,57.2367,60.9463,62.0387,67.6221,48.8094,46.4614,71.5126,51.4524,60.3819,96.1998,73.4063,64.4997,24.0016,18.1395,40.647,61.0881,53.5455,43.8188,51.3397,71.2445,88.4618,29.8311,55.3488,78.1354,54.7852,51.6984,80.0043),(43.4262,24.1561,39.9545,44.0842,29.1767,25.3288,51.103,73.2456,62.1004,64.3701,49.5402,75.1026,57.7417,36.2533,56.1979,31.1715,48.7096,44.0453,18.7678,76.3288,61.3169,3.2376,22.7901,24.3329,77.3924,56.936,52.3065,39.6788,44.9269,62.4109,75.797,48.3528,60.8103,73.7026,66.3569,70.7071,51.3409,83.5442,23.4965,63.5564,27.0969,33.2702,69.9636,45.4075,77.2714,71.9056,62.8517,42.4861,38.8567,64.724,36.5371,63.7494,33.102,47.451,26.5355,26.8703,56.47,60.7473,68.4777,24.9252,83.2479,26.6252,56.9755,28.3797,84.9108,50.8286,37.5748,59.6313,56.4295,40.9242,69.0987,49.4236,26.0721,44.0948,55.2047,58.7731,69.0417,64.8277,51.2371,67.778,35.577,37.2601,45.9551,46.0991,62.3827,9.8353,41.9095,87.2427,68.3516,40.3163,58.552,72.6813,53.1148,41.1156,7.7766,33.3661,42.4046,51.5009,52.4347,79.3395,57.8634,49.1325,69.5192,6.7224,58.2333,56.8436,29.7681,72.8541,34.1049,30.6167,48.4207,48.8474,33.4104,68.9845,62.8965,67.5036,83.9309,61.8069,58.834,49.645,63.0019,93.9005,21.381,49.8389,41.9563,62.1035,52.1346,77.978),(22.134,92.3728,56.6397,86.0599,29.4249,75.2958,46.1454,68.5039,56.811,61.1053,53.8666,49.2368,53.4309,66.3057,68.6444,69.5927,63.0407,18.7678,60.7548,10.6095,17.8252,39.6524,47.9137,7.8955,60.4876,11.847,74.7588,73.5952,38.0465,56.3685,37.2423,80.9474,50.4514,54.2047,80.7643,21.1317,64.7414,27.5482,50.3549,72.3132,34.9281,61.9814,38.4718,86.7534,38.5043,65.6392,41.5209,83.7207,79.6378,34.4545,85.9728,16.7644,54.1502,73.124,67.1822,37.3642,8.6871,51.8552,48.3774,51.6861,31.7289,94.6085,49.9905,16.7864,64.781,64.2917,29.8994,51.7403,45.9049,55.8264,47.898,35.87,42.8917,78.4355,45.0962,80.1353,65.301,56.2727,95.8585,58.5784,50.1764,42.2376,31.3424,30.2118,86.2253,59.4877,48.8131,52.1439,15.0646,80.8168,91.5933,53.9375,43.646,64.0539,44.407,58.7966,60.8653,48.9732,31.0932,75.742,83.8572,46.1726,73.4449,75.4133,42.6836,33.3985,37.5455,56.6328,32.9379,27.4513,50.9584,60.8203,65.9225,35.434,42.5815,28.5183,18.1977,65.2722,51.0791,52.5023,80.1562,70.6029,67.2834,61.0482,28.3067,86.1105,64.6435,13.465),(45.4168,50.1353,7.0086,13.802,21.8921,82.6934,42.4038,27.0257,23.15,95.3092,57.5538,80.5851,51.6256,43.9689,67.5453,16.8878,51.9661,76.3288,10.6095,40.1242,69.851,63.9905,33.6826,80.5739,28.825,17.5697,78.6246,20.6637,38.7221,39.5317,85.1209,57.8853,11.3838,67.4778,72.259,50.6332,48.4297,33.7171,34.955,71.1782,33.4504,48.4009,41.8683,61.0271,80.9349,43.8735,11.3064,52.0401,40.9859,4.467,63.2485,36.6057,41.8156,76.4982,50.0693,95.2618,93.3611,61.7884,30.4451,38.5645,44.0686,73.4278,66.8282,39.4791,44.8551,48.3936,94.5542,10.551,75.1404,39.7775,25.0747,36.5519,85.4102,82.8505,50.0649,75.2662,21.5663,57.7872,73.5672,24.9645,62.5365,43.4136,18.9149,74.0343,51.0061,85.962,60.5624,41.9223,62.9966,14.6052,67.8682,48.9916,26.7992,36.5092,15.6556,10.5841,40.6837,70.7576,51.0248,46.9929,56.5569,44.8946,69.9252,40.7242,38.6225,42.0753,51.4762,79.8602,76.3643,72.289,70.4295,55.916,45.313,43.1314,9.5072,48.025,46.6983,65.756,72.4471,51.9275,48.7067,71.1974,85.4993,81.6912,49.7854,57.8253,38.1217,85.5177),(59.2806,69.907,55.5989,55.0367,47.042,37.5492,62.824,50.3625,53.7132,41.9418,18.971,33.2227,52.8017,53.9199,73.8339,80.9304,64.2938,61.3169,17.8252,69.851,66.7584,44.9115,72.654,44.8784,67.0489,51.3191,52.7293,82.2174,74.7546,3.2919,17.8852,55.838,58.4544,42.2779,43.1159,39.1456,30.7859,72.9856,21.5862,47.5361,14.1582,41.8587,40.1957,28.8432,59.3915,14.1587,44.5832,37.4192,31.3614,59.5426,49.2945,64.6394,72.1121,31.6681,39.0544,49.1455,47.412,70.4989,80.301,38.0582,58.8649,17.0542,24.8327,51.6739,75.0313,10.4166,88.6615,34.7911,89.497,51.6576,46.5653,39.5321,61.4317,38.0273,52.4248,51.0583,84.2871,80.2062,44.0984,53.3178,60.1471,44.8682,40.3777,77.6547,48.0504,57.8649,47.4165,35.9587,28.3127,40.3534,31.3656,80.1494,33.4956,33.0763,35.9391,62.46,36.8936,80.0992,40.9839,26.4358,53.4293,50.9825,46.0534,23.5219,66.8822,22.8241,49.6192,80.1882,28.7432,45.7564,53.7834,41.686,37.3126,69.5594,39.1006,43.1662,85.9231,50.4246,78.7729,45.8505,55.5736,75.0624,95.973,42.0148,70.9869,47.4811,52.6854,74.0327),(30.5261,76.5844,35.7941,16.1644,83.7998,34.4631,94.9481,46.3373,57.8245,34.1405,59.1075,8.7169,59.6966,71.6602,32.1398,78.6388,45.5508,3.2376,39.6524,63.9905,44.9115,81.6274,60.9835,73.25,24.5288,61.9015,52.6963,57.0573,56.7684,22.9517,36.6097,45.3777,55.5876,78.1497,52.9431,27.4919,44.8084,31.647,37.6704,55.7632,51.4875,16.0508,57.6497,40.1602,41.5148,34.1421,55.358,63.8642,65.4246,43.7975,38.4954,52.8123,88.1005,24.4634,34.8447,31.6639,24.3531,55.4305,36.4158,75.9293,53.2686,55.8161,69.3073,76.6814,43.2925,43.0718,47.1224,49.5182,42.9117,32.4701,47.2785,19.0946,21.1886,93.7035,52.3058,68.9164,36.4778,35.9088,46.8088,35.6136,31.4889,40.4959,48.8231,30.5606,42.0558,47.0384,82.9411,50.9955,52.1655,48.3945,73.701,67.3841,26.238,46.7669,91.4477,25.0162,57.7419,49.7826,45.3915,80.8294,70.8463,50.3518,20.4192,53.3813,60.7461,53.4251,80.0834,64.0823,17.642,20.6464,27.0054,29.6725,47.2865,22.147,74.8242,45.9143,33.4447,68.2194,1.1565,74.1929,66.6776,10.1244,60.7789,60.9411,15.3874,52.081,57.131,58.8579),(22.8273,30.5586,66.4701,24.0897,76.7075,33.9365,51.9103,61.2838,69.8951,48.318,36.983,68.5238,68.7892,45.1718,84.4923,91.0235,7.7831,22.7901,47.9137,33.6826,72.654,60.9835,48.366,42.8454,23.8227,51.5992,38.1437,36.9853,33.5135,35.5853,12.3321,15.4132,74.6935,88.0773,31.0992,40.1842,72.9214,13.8394,32.4461,45.154,35.9803,23.584,51.3783,90.7752,28.7028,53.2707,49.465,52.4559,44.75,38.1531,51.7638,49.3251,26.2142,78.717,26.3184,57.3807,55.941,50.6635,62.5783,54.8724,22.3586,80.0624,63.2325,50.7915,39.3537,47.2396,16.7462,55.7185,48.0275,11.7669,72.0161,79.6341,54.7347,44.8522,71.3328,78.1261,67.7132,85.0329,34.439,15.8986,59.4783,44.3191,52.1867,51.4279,46.4649,55.7952,78.191,62.7928,53.8579,22.7285,69.056,38.3646,60.6947,58.8574,27.2977,35.8019,20.7336,80.0956,55.3347,85.6986,45.9332,36.6204,36.7858,47.1956,25.8424,66.815,11.6055,22.2848,53.1682,69.9281,40.7365,37.6603,36.7654,38.5672,62.8337,30.6066,32.2035,52.3784,43.4055,73.563,50.9907,29.8105,42.9579,68.3982,21.9205,18.3013,56.5406,47.5992),(47.5998,40.4634,58.1953,8.483,65.382,80.21,28.5148,48.7377,24.1218,65.6781,29.4791,46.7975,20.5216,39.7588,75.9405,84.2381,41.4022,24.3329,7.8955,80.5739,44.8784,73.25,42.8454,16.2017,34.7365,38.7426,73.6838,81.6141,22.3208,42.8175,88.1116,32.6932,51.3841,37.0991,33.8273,53.009,71.9646,42.8636,51.2611,55.8785,77.4991,46.6912,38.6893,42.8338,45.4521,45.9432,57.2576,54.7278,64.5461,67.7054,67.259,19.0676,24.6963,66.2137,63.1572,37.5078,46.6085,41.2564,39.8898,84.4582,56.8949,54.0102,37.2751,58.6179,28.1222,56.4234,7.2953,85.9018,34.2164,11.4286,37.0194,26.9235,48.6173,49.8173,51.2124,65.1296,30.1097,13.949,57.0282,66.1733,41.0298,52.8671,33.2978,38.6616,27.4472,33.2971,47.2058,49.3488,45.0268,37.6431,37.2527,32.6574,38.3335,56.2727,51.093,28.6198,87.4372,43.0446,89.801,48.4306,47.288,32.9733,12.3225,57.6314,36.4291,40.3865,67.0664,82.7177,73.2149,28.1877,46.4617,37.8149,63.334,56.5046,51.1655,57.4861,17.7997,38.5529,37.9455,44.4653,33.1131,68.6964,34.0269,14.2327,70.8746,52.0823,23.4117,72.6646),(24.3022,68.7343,9.4644,28.2773,91.9714,51.9815,61.4955,30.1806,44.0648,30.3351,63.7333,59.0507,75.4959,23.313,60.6292,58.238,45.8629,77.3924,60.4876,28.825,67.0489,24.5288,23.8227,34.7365,66.3536,40.1377,33.0355,36.4234,62.4614,25.8767,74.8116,42.8396,88.2966,21.2281,53.9363,60.8424,30.375,77.8966,35.1348,28.8749,40.6382,67.3834,11.8498,72.5964,42.5424,48.7498,18.2376,20.0179,12.9633,70.633,38.5106,47.4746,36.2918,49.4132,72.6027,44.1742,47.415,75.5507,49.8602,47.6342,93.2524,22.6569,10.9501,68.2499,58.2108,48.0665,53.5,33.5592,56.6027,57.687,58.5933,56.6912,15.1491,60.1188,33.4288,91.3875,29.2407,54.9967,5.292,72.6016,28.7262,43.9744,49.9424,26.3712,45.0184,75.7592,65.296,39.341,37.9259,33.4257,25.9133,52.8958,59.3233,28.7997,23.0702,74.9233,46.8956,22.3486,92.3088,70.421,42.0214,63.3542,26.3611,60.372,73.638,79.9892,73.3984,61.6922,33.1107,38.3744,28.4924,32.1567,54.2754,58.6158,36.8246,32.2239,40.2694,41.0331,14.4204,72.1248,52.0925,69.3764,17.3513,78.6198,27.8194,47.6137,78.4614,74.8402),(42.3827,31.2801,55.8215,71.1635,29.0964,89.3402,69.7312,54.8352,31.7748,11.4504,27.095,25.7581,21.3728,40.0473,74.7037,25.2878,55.0775,56.936,11.847,17.5697,51.3191,61.9015,51.5992,38.7426,40.1377,65.0881,56.3539,79.5582,76.9602,63.1141,56.4354,29.7368,59.186,46.7611,63.566,32.4732,36.2108,30.4316,86.8168,32.3577,95.5333,70.2935,49.2951,47.5165,50.2606,47.3759,78.2734,58.9221,95.8903,47.5319,42.3104,64.1872,69.415,18.6204,36.1155,25.6837,26.7679,36.8941,48.6971,59.6053,28.3896,83.8896,88.1676,49.867,61.7494,41.939,79.4488,31.7038,40.1725,50.0389,29.0242,87.3241,83.3189,22.3992,47.0001,67.5962,59.7699,48.571,27.9511,11.0602,50.7294,49.0893,45.1033,73.6456,27.3518,46.2289,64.5637,61.815,34.525,25.3824,21.1244,23.0526,41.4751,57.4076,52.2935,61.282,34.8763,54.9159,28.4227,36.7505,56.5467,54.5041,45.768,28.0108,17.5658,24.5434,24.5702,63.3952,61.1673,43.1221,85.8093,31.5558,59.202,24.6928,23.1223,41.6158,53.8387,46.2648,21.6123,19.9931,32.0443,34.189,21.4597,53.9594,53.281,43.5911,25.0702,57.7655),(57.6801,64.6037,20.9726,28.8932,31.6782,65.5666,35.5976,46.7386,76.2707,93.3401,32.702,56.6085,77.1518,38.5511,75.5042,55.8868,52.6744,52.3065,74.7588,78.6246,52.7293,52.6963,38.1437,73.6838,33.0355,56.3539,20.9065,80.8417,79.9384,35.9236,31.1814,50.9934,26.1909,33.386,42.3966,34.5217,58.668,61.3223,51.1683,31.8358,13.9381,62.7259,82.0259,43.2848,44.754,61.0448,56.2773,44.7288,32.4702,14.1534,52.892,61.9502,86.0127,51.3316,40.4294,26.8565,52.7984,31.3021,11.3885,17.6623,74.0609,50.4672,50.7887,34.4891,41.6365,20.3887,65.6811,59.7976,46.6682,49.0205,35.4116,2.1988,44.6163,46.6684,46.7905,16.3925,33.033,61.8559,48.8246,51.1927,55.0887,24.9308,58.4501,32.1812,22.3115,53.1409,63.7942,53.8944,40.9245,44.8012,36.5383,49.5909,36.1602,71.9636,55.564,46.7355,38.2723,50.0846,46.7573,70.6295,65.1422,65.4536,55.8519,38.6302,64.3643,46.6101,22.6619,77.5394,57.5804,18.2485,93.9134,48.1011,84.3309,61.4036,37.6683,38.9588,73.3743,50.2645,51.9513,57.0128,41.1962,72.5817,54.0089,75.2127,5.3076,76.1417,79.1475,22.1606),(48.0506,65.1477,55.3032,29.983,60.1947,75.1061,16.1685,50.029,76.4393,71.7745,76.3589,56.6969,48.4213,63.4809,27.2933,60.851,65.5273,39.6788,73.5952,20.6637,82.2174,57.0573,36.9853,81.6141,36.4234,79.5582,80.8417,98.3368,17.356,51.5294,60.2912,24.9808,81.8495,31.9105,66.452,27.9134,48.4083,38.6576,56.0393,57.7209,47.0406,69.7468,79.6581,50.86,28.0413,40.5232,82.6688,52.2112,56.2646,56.4386,52.8401,26.3695,56.5167,54.0939,84.4149,63.4471,37.4249,34.8507,76.9452,53.0044,56.099,59.1306,34.8823,49.263,69.7511,41.7799,45.9996,60.0004,60.6386,35.9837,43.4198,74.0486,51.1973,37.4599,18.2248,51.0767,47.3967,69.4935,75.3706,76.9795,53.5055,27.5591,62.81,59.611,30.6558,58.6559,50.022,91.2758,40.5498,18.0004,58.7015,25.8407,34.254,63.7673,38.7538,1.8564,84.9961,74.4202,34.1537,68.7635,70.1542,49.6592,49.3509,36.3672,83.1264,60.3717,57.2284,14.9144,36.6757,30.0632,35.9015,77.1233,41.8502,89.2591,70.4468,76.8669,48.0463,67.8394,30.0869,69.0446,59.0581,36.5511,30.9382,59.4857,33.3808,43.8408,62.6893,79.7354),(23.4766,67.3384,69.3689,96.3608,90.6784,35.5957,26.8579,42.4715,45.4595,23.1728,69.5259,44.9543,67.7406,43.1742,69.3446,48.6724,68.7159,44.9269,38.0465,38.7221,74.7546,56.7684,33.5135,22.3208,62.4614,76.9602,79.9384,17.356,56.9937,47.107,54.6204,85.8144,44.1877,16.8963,61.2986,49.3501,36.8424,61.1925,54.3149,13.1154,68.97,56.1303,27.8901,50.339,45.4457,62.3534,83.5678,85.4212,78.5022,37.9385,48.4366,28.8632,44.3058,83.4715,74.514,68.895,81.0591,64.5691,57.9835,86.5328,24.5061,30.6012,72.7895,39.2329,34.6194,46.3135,58.7006,20.9323,49.2344,45.879,30.9011,19.3442,47.6519,32.8795,16.2148,47.3906,76.9084,61.4177,18.2585,48.5602,66.0811,53.5423,69.7009,50.6973,52.1227,43.0168,42.5035,43.3641,72.2457,36.4438,27.3669,68.0081,49.6721,73.6794,86.5431,24.3563,56.6298,39.6691,63.5925,27.691,42.0869,72.7444,49.5972,82.1522,84.1616,47.471,8.5608,38.8832,31.4844,17.8515,50.2274,7.0833,35.4834,41.652,45.5018,53.6515,28.6473,15.204,38.9137,42.7722,30.144,12.0854,10.9911,40.9985,51.4715,43.7935,30.5959,49.3261),(66.5917,53.8676,53.4942,71.6813,66.6251,38.2628,56.2965,46.6809,51.7079,53.8556,64.4647,87.3911,52.9682,46.4985,41.882,36.8472,43.0934,62.4109,56.3685,39.5317,3.2919,22.9517,35.5853,42.8175,25.8767,63.1141,35.9236,51.5294,47.107,36.3178,53.9442,71.3473,40.1649,50.1448,79.3452,50.855,14.2409,39.7107,64.6306,67.3571,39.6861,71.3017,30.6116,53.8321,20.2755,54.7416,33.1026,56.3383,53.0916,50.8415,60.4222,71.4257,17.147,53.4511,57.2866,53.8511,51.4827,55.9955,50.0481,44.0868,63.4196,36.319,37.0062,54.7097,43.0687,59.6856,56.714,6.3773,49.6204,57.8045,68.3681,18.0413,47.9583,45.6375,40.5937,55.634,32.1039,72.6472,82.1491,68.0059,31.5479,15.1143,49.1293,57.3944,30.6414,70.8701,36.2624,70.0875,40.8209,49.8928,85.1958,63.3762,66.867,45.774,35.4355,35.5981,22.4229,46.878,29.2608,35.4341,34.4043,51.5105,32.7263,68.4887,32.8242,67.6952,66.7901,43.22,35.7159,46.9816,37.9707,73.039,57.3867,49.4972,55.4083,37.0925,55.5062,58.086,75.8326,56.5311,50.5912,75.9176,52.1873,21.6903,31.5185,26.3178,63.1988,66.8499),(50.1601,66.7679,71.6457,28.3127,51.1226,16.754,90.5168,70.7036,70.1406,10.7946,61.5063,38.0929,77.5177,74.9692,21.1252,12.8638,72.4129,75.797,37.2423,85.1209,17.8852,36.6097,12.3321,88.1116,74.8116,56.4354,31.1814,60.2912,54.6204,53.9442,39.9706,25.3792,74.677,43.6928,33.1852,35.2904,74.5108,51.27,34.0405,94.0173,77.2018,35.547,51.9942,47.8127,71.0913,37.0329,40.008,32.7601,82.8045,29.8278,33.3743,1.5441,67.1447,46.5822,30.419,66.7243,58.3629,16.3414,41.9065,49.3454,55.3761,33.8881,67.0311,31.9298,61.5562,66.3648,83.8106,71.7281,37.5665,58.5721,94.1014,70.7534,59.5232,51.8223,66.313,17.0215,95.9227,29.1702,88.0653,70.72,37.0522,26.6431,54.2997,38.227,58.0333,48.5604,26.3685,68.2183,37.423,37.6821,27.8918,18.9159,87.7684,58.1058,40.8172,41.5315,53.486,42.0049,42.8491,61.9369,40.6123,28.6283,61.5353,56.3178,66.5096,53.9998,37.8069,34.1989,60.2961,8.2676,55.7487,49.2795,83.4721,48.8244,53.1393,27.9367,20.1817,13.9687,39.1327,17.003,51.5087,45.7077,47.8707,95.5771,52.4996,68.8643,32.8713,42.2348),(54.8219,66.7013,57.8483,49.2164,49.8758,50.6735,58.9055,88.1691,38.0152,42.107,43.3665,21.4768,55.8511,29.4624,9.9848,95.1133,55.839,48.3528,80.9474,57.8853,55.838,45.3777,15.4132,32.6932,42.8396,29.7368,50.9934,24.9808,85.8144,71.3473,25.3792,45.3079,54.6131,26.1945,26.9339,49.559,20.6177,28.1574,10.7028,60.7596,75.884,28.7861,57.4464,58.4536,27.1416,36.039,74.8223,65.8732,45.0388,80.8289,16.5703,32.8177,33.4296,55.5768,50.942,53.7546,94.5037,71.7853,64.6349,45.5935,83.8335,82.0497,22.0759,41.9841,58.8437,61.354,95.105,76.6739,24.0781,26.6414,72.0102,45.732,71.0516,95.5002,66.6749,79.908,43.342,82.9775,48.9698,55.1049,16.8916,81.2011,59.7269,68.9575,43.8593,86.8495,87.0885,35.5275,51.3246,24.8216,95.4265,46.5531,29.5548,17.6757,69.2019,48.8942,19.2287,55.4225,23.8227,35.3538,79.3806,48.5612,66.6581,67.914,64.6665,28.6521,64.2267,62.8798,66.7274,42.0841,54.9201,43.7747,29.66,31.2556,98.4813,64.1305,44.3278,80.6771,34.3948,49.1772,68.1618,72.0923,49.5823,64.3847,21.3444,60.0343,32.6429,22.8057),(36.0602,55.9249,16.0849,58.0649,41.8049,90.3539,44.0644,39.4249,44.1447,47.03,13.4597,55.3275,83.4083,77.5921,73.6332,21.3499,60.8034,60.8103,50.4514,11.3838,58.4544,55.5876,74.6935,51.3841,88.2966,59.186,26.1909,81.8495,44.1877,40.1649,74.677,54.6131,25.8817,56.2222,43.5025,88.8823,47.0388,51.4674,73.5082,40.541,63.6527,71.79,27.3376,42.3837,32.3451,59.6974,71.8161,47.0909,37.6259,55.1258,61.3277,55.5344,67.0162,48.7255,14.5783,50.1779,59.735,61.2707,64.9945,41.3841,80.5815,86.54,24.8953,31.0875,28.764,16.5644,42.8764,23.8538,34.5941,60.06,16.9857,76.1475,66.4218,21.3357,60.7278,53.109,42.7558,43.7597,55.9853,50.4795,75.0976,82.3491,23.4138,56.3608,10.358,67.816,36.8141,48.0363,15.1846,23.3449,59.1833,48.4169,62.7798,24.3006,8.046,21.9131,38.2402,49.7955,91.2705,43.5066,79.984,36.8718,84.6398,41.2817,18.8395,82.393,73.4574,47.4049,54.3651,14.2621,52.701,75.5743,26.7978,48.6422,54.5972,41.8957,37.0597,35.3739,11.8194,42.0014,43.0774,19.9978,43.6972,89.4285,39.9871,20.6574,70.6904,52.9287),(52.0997,65.0968,34.3229,54.6082,59.539,42.4818,27.0464,19.7387,78.2583,39.9415,55.7721,10.5689,45.5072,65.2934,9.717,70.2948,41.931,73.7026,54.2047,67.4778,42.2779,78.1497,88.0773,37.0991,21.2281,46.7611,33.386,31.9105,16.8963,50.1448,43.6928,26.1945,56.2222,56.3438,65.5235,31.5321,8.1992,42.0077,74.3412,89.3443,54.8749,12.9124,63.2126,76.7527,46.1895,52.212,56.6565,75.2521,53.4015,40.7669,18.5511,30.4151,25.8922,29.3266,41.7899,49.8053,77.4296,44.1013,66.9047,39.6099,37.4501,47.4928,47.3591,40.5366,61.9168,55.6202,40.6894,62.7535,48.5707,75.8177,73.8839,82.1628,37.614,58.0703,35.9335,47.3575,30.9602,38.0747,21.886,38.5808,27.1849,56.4087,16.7888,53.9253,79.5231,12.734,56.3014,37.3379,26.6898,35.1506,38.2106,87.5168,60.4379,56.1148,37.824,18.8195,41.128,24.9736,27.9542,33.7461,64.1,74.6798,23.9947,68.6587,76.2695,27.3229,14.7415,62.4757,34.2551,26.7938,61.5869,35.3648,70.8682,17.3418,74.702,47.8576,70.5776,77.3833,65.4196,44.5853,51.9203,23.5507,17.9624,37.0969,9.7843,14.896,11.3643,66.5443),(52.6958,56.0161,26.0734,33.2132,32.5927,48.9913,61.2083,81.4648,65.5982,41.196,35.6701,44.2121,83.9789,39.0426,57.9684,9.8896,23.1822,66.3569,80.7643,72.259,43.1159,52.9431,31.0992,33.8273,53.9363,63.566,42.3966,66.452,61.2986,79.3452,33.1852,26.9339,43.5025,65.5235,76.8279,52.6147,32.2808,11.4159,21.5148,5.5863,68.3744,82.7113,46.8103,35.4707,76.7236,38.6638,43.1251,67.6829,48.3058,16.283,79.6951,32.7586,24.9389,39.5234,38.0304,46.0856,52.357,55.8134,44.8971,88.6266,9.8894,72.5121,62.4836,42.0704,63.2832,48.754,27.5423,45.1916,25.9561,25.8483,68.2953,54.9466,18.2777,19.6936,50.7999,70.4336,18.0547,72.3811,27.5273,34.9495,30.5697,56.2898,51.0381,69.8235,45.0675,34.2352,63.9685,78.2089,33.8122,64.5225,47.3005,54.8259,24.3937,49.1498,65.9976,36.8088,52.9773,78.079,87.4466,90.1169,14.6916,47.9413,46.8587,36.7816,37.1307,41.2005,68.5394,78.6843,78.0235,33.4285,95.4517,35.7972,62.6422,71.6546,39.5552,40.004,42.4226,13.4266,28.8854,39.7126,64.4771,84.1965,72.792,44.7483,27.3225,25.8088,75.2692,43.7592),(30.0701,26.2561,78.0504,76.7468,56.7758,55.946,70.8144,28.482,4.2247,40.0036,55.2031,70.6158,44.2862,25.918,57.6913,35.7914,47.9351,70.7071,21.1317,50.6332,39.1456,27.4919,40.1842,53.009,60.8424,32.4732,34.5217,27.9134,49.3501,50.855,35.2904,49.559,88.8823,31.5321,52.6147,90.4964,20.3785,16.7721,26.246,48.002,69.6066,65.9411,34.3166,50.7759,71.9503,84.713,66.0991,30.9144,70.8786,88.7121,56.7939,76.1046,26.8793,79.362,54.0196,31.8074,60.2752,41.5465,88.2035,54.8888,77.0917,81.7283,50.9559,31.7887,76.6908,63.042,63.8647,35.0396,30.2256,41.3989,46.7621,28.4049,30.8753,26.8866,52.72,22.6891,42.9307,25.8883,87.555,26.3148,9.1175,1.8671,42.858,44.4858,54.9283,60.8838,61.1545,89.5095,48.6798,69.2935,47.8153,33.9865,42.2668,31.0113,61.2158,89.857,70.0742,54.4917,27.0941,59.9589,30.1375,67.3877,56.3804,31.01,56.7416,32.3923,14.0207,43.5452,51.4325,59.8722,43.0918,79.3933,48.4937,43.0308,67.9029,38.4473,52.566,7.6562,68.0718,77.1747,78.4772,37.0613,62.8087,48.1946,60.6799,51.332,88.4519,59.742),(19.9111,77.1163,33.261,56.8566,61.7571,31.373,53.8272,40.5997,77.3664,31.8607,50.7393,35.2272,40.8628,32.3505,39.2499,91.3339,67.2622,51.3409,64.7414,48.4297,30.7859,44.8084,72.9214,71.9646,30.375,36.2108,58.668,48.4083,36.8424,14.2409,74.5108,20.6177,47.0388,8.1992,32.2808,20.3785,31.6028,44.4708,50.3553,48.7742,23.9933,63.9012,60.8666,44.4817,64.7393,40.9179,45.9245,28.037,24.3739,75.7746,40.9547,77.3011,47.4703,55.5386,47.3278,31.9527,15.4255,18.2084,73.0028,67.5303,17.6412,37.4182,24.6648,47.7935,45.073,64.5702,31.2871,52.8914,52.4824,49.1967,74.8258,68.6126,30.2284,28.3338,66.5729,25.5403,61.1957,65.8589,79.5597,83.7065,45.0939,68.8046,71.2661,20.2783,42.3708,98.3973,59.8333,48.3417,30.1002,36.0019,51.7919,57.5707,52.8423,55.3862,78.0922,6.7316,57.4388,85.181,54.2946,63.1893,60.4665,65.7935,51.7731,69.288,38.6887,22.0671,84.1548,58.7458,44.0845,91.5422,62.1116,62.3422,38.9212,61.3464,29.244,70.3257,56.0339,52.3364,46.9116,55.9684,66.8126,29.9127,43.547,70.2534,72.6899,45.8712,16.796,40.4293),(49.2845,43.8832,41.8092,68.9308,37.2957,81.271,61.4258,62.4208,22.403,53.6751,50.1613,71.5406,79.2921,76.5605,43.8225,41.6831,62.084,83.5442,27.5482,33.7171,72.9856,31.647,13.8394,42.8636,77.8966,30.4316,61.3223,38.6576,61.1925,39.7107,51.27,28.1574,51.4674,42.0077,11.4159,16.7721,44.4708,68.3727,48.3719,30.3925,46.7421,46.964,73.0551,70.9054,65.7882,36.5748,85.9578,50.6924,25.5689,59.234,52.4804,82.967,27.8988,61.5952,93.8514,42.3686,81.6695,54.4612,51.5091,69.9771,81.0696,83.6905,58.441,66.8118,71.819,52.7604,44.343,64.7779,42.0005,31.9884,55.5059,84.7536,40.4684,17.3315,22.5816,8.1317,48.6489,36.8052,55.9925,56.2677,61.3415,26.8177,50.3164,20.3938,63.6094,62.6042,52.7035,37.8419,52.0726,53.5459,47.5266,90.5882,12.4021,37.5264,44.8191,44.0354,74.9261,46.1172,53.1346,56.354,32.5567,63.7371,27.3376,76.3885,61.2551,73.0616,5.5768,72.6503,56.6898,34.7447,39.9246,44.5778,70.0481,26.3159,59.4034,25.8513,18.7634,45.906,73.8034,17.8461,65.7939,32.5484,33.7916,23.0204,65.4889,5.085,48.4742,63.1847),(50.2453,66.5199,48.116,24.644,10.8773,34.6725,61.6736,33.6965,47.0863,36.3203,39.0253,83.1737,95.6026,64.0586,89.036,62.5653,47.6227,23.4965,50.3549,34.955,21.5862,37.6704,32.4461,51.2611,35.1348,86.8168,51.1683,56.0393,54.3149,64.6306,34.0405,10.7028,73.5082,74.3412,21.5148,26.246,50.3553,48.3719,13.9413,61.7021,53.9563,89.4565,51.5124,47.5886,35.9007,52.9537,58.4966,38.193,45.0492,95.5463,69.8675,43.3223,44.4058,33.494,53.6645,26.6478,44.2333,46.4517,49.8926,63.0925,84.0545,37.8674,56.287,26.0135,68.8102,36.2303,40.6518,64.8714,47.0135,12.6666,42.1101,75.8285,38.224,40.9071,41.749,81.386,85.0082,34.2355,57.5257,63.2883,51.8073,61.1782,81.3993,51.0937,28.7756,48.773,38.639,20.162,18.4859,57.7851,25.7165,58.8722,40.694,67.2789,58.1884,58.0805,47.1096,68.5985,13.832,70.1234,88.2825,62.2845,27.9044,11.0781,38.3783,1.6692,83.9148,87.0517,75.3909,67.6777,51.0308,73.9882,17.5291,84.9648,43.0102,50.3824,73.44,61.391,73.6499,56.2266,32.6011,16.4835,24.8448,68.1018,69.3676,96.0574,35.5154,37.6403),(38.1349,75.2379,32.9971,27.3375,58.2019,64.1364,41.7107,47.425,72.493,56.0029,55.1848,18.6622,73.4926,47.3848,32.47,62.8194,14.5041,63.5564,72.3132,71.1782,47.5361,55.7632,45.154,55.8785,28.8749,32.3577,31.8358,57.7209,13.1154,67.3571,94.0173,60.7596,40.541,89.3443,5.5863,48.002,48.7742,30.3925,61.7021,35.4389,29.2922,46.3505,48.8078,63.5497,56.2962,69.8731,49.5651,28.1718,42.6838,49.828,41.8537,34.5694,38.9294,90.9877,50.8643,49.1307,15.22,54.9227,40.1192,59.5717,46.3711,64.715,13.5928,31.5723,97.8541,11.8726,53.7802,73.9659,53.386,80.1776,20.1873,81.3102,52.3756,47.3784,47.3626,45.1