[2,2]((6.8,2.4),(2.4, 8.2))
#
[10,10]((51.6334,19.7451,63.0825,70.4246,25.807,56.1371,40.0409,61.9602,30.1231,56.5918),(19.7451,6.7025,75.8198,72.5541,51.7798,66.5961,40.4868,49.9915,45.9047,62.5143),(63.0825,75.8198,13.8418,8.6364,37.4451,71.5827,67.5155,37.4455,55.7049,48.9764),(70.4246,72.5541,8.6364,67.9664,33.656,46.8559,37.4973,48.462,58.0163,31.5185),(25.807,51.7798,37.4451,33.656,30.1631,72.8303,48.655,45.8493,23.5607,43.6949),(56.1371,66.5961,71.5827,46.8559,72.8303,51.7287,67.4554,61.5395,21.7118,68.7799),(40.0409,40.4868,67.5155,37.4973,48.655,67.4554,63.8333,78.0288,85.0074,19.3576),(61.9602,49.9915,37.4455,48.462,45.8493,61.5395,78.0288,38.8772,82.9059,74.2784),(30.1231,45.9047,55.7049,58.0163,23.5607,21.7118,85.0074,82.9059,75.1684,79.365),(56.5918,62.5143,48.9764,31.5185,43.6949,68.7799,19.3576,74.2784,79.365,97.2098))
#