============================
A0: 
 [3,3]((1,0,0),(0,1,0),(0,0,1))
Eigenvalues: [3](1,1,1) 
 U: [3,3]((1,0,0),(0,1,0),(0,0,1)) 
Iter 1
 Elapsed: 0.006
============================
A1: 
 [2,2]((6.8,2.4),(2.4,8.2))
Eigenvalues: [2](5,10) 
 U: [2,2]((0.8,-0.6),(0.6,0.8)) 
Iter 2
 Elapsed: 0.008
============================
A2: 
 [5,5]((41.16,5.3429,46.9627,28.1203,63.8254),(5.3429,9.4983,28.5801,88.3929,89.146),(46.9627,28.5801,27.1248,7.978,61.5229),(28.1203,88.3929,7.978,53.2953,64.482),(63.8254,89.146,61.5229,64.482,11.9122))
Eigenvalues: [5](37.668,-93.9359,4.87766,-33.886,228.267) 
 U: [5,5]((0.889513,-0.324854,-0.101397,0,-0.304887),(0.0792855,0.728909,-0.1633,-0.441177,-0.491021),(0,0,0.9489,0,-0.315577),(-0.189591,0.0692397,-0.187729,0.778064,-0.564478),(0.408088,0.598638,0.165526,0.44719,0.497714)) 
Iter 5
 Elapsed: 0.07
