============================
A0: 
 [6,6]((91.3749,17.084,0,0,0,0),(17.084,47.1643,27.7114,0,0,0),(0,27.7114,78.361,65.0886,0,0),(0,0,65.0886,94.5198,40.3075,0),(0,0,0,40.3075,11.1936,41.3748),(0,0,0,0,41.3748,5.7708))
Sync version
Eigenvalues: [6](97.5896,63.9773,7.50794,161.662,39.2104,-41.5626) 
 U: [6,6]((0.925924,0.322319,0.0551673,-0.110893,0.145128,0.0487117),(-0.197644,0.521565,0.745226,0.0373744,-0.242884,0.270473),(0.0241165,-0.540286,0.455266,-0.562078,0.37104,0.215962),(0.0662616,-0.204865,0.294966,0.77458,0.516236,-0.0126951),(-0.247085,0.399125,-0.363208,-0.0996756,0.561165,0.568232),(0.193852,-0.361803,-0.124107,0.245896,-0.448184,0.744838)) 
Iter 36
 Elapsed: 133.399
============================
Pseudo Sync version
Eigenvalues: [6](97.5896,63.9773,7.50794,161.662,39.2104,-41.5626) 
 U: [6,6]((0.925924,0.322319,0.0551673,-0.110893,0.145128,0.0487117),(-0.197644,0.521565,0.745226,0.0373744,-0.242884,0.270473),(0.0241165,-0.540286,0.455266,-0.562078,0.37104,0.215962),(0.0662616,-0.204865,0.294966,0.77458,0.516236,-0.0126951),(-0.247085,0.399125,-0.363208,-0.0996756,0.561165,0.568232),(0.193852,-0.361803,-0.124107,0.245896,-0.448184,0.744838)) 
Iter 13
 Elapsed: 1.31562
============================
A1: 
 [16,16]((68.9435,51.19,0,0,0,0,0,0,0,0,0,0,0,0,0,0),(51.19,62.27,30.6104,0,0,0,0,0,0,0,0,0,0,0,0,0),(0,30.6104,46.0547,70.1061,0,0,0,0,0,0,0,0,0,0,0,0),(0,0,70.1061,79.6106,17.6959,0,0,0,0,0,0,0,0,0,0,0),(0,0,0,17.6959,26.2457,76.6736,0,0,0,0,0,0,0,0,0,0),(0,0,0,0,76.6736,1.9875,49.5774,0,0,0,0,0,0,0,0,0),(0,0,0,0,0,49.5774,76.4071,63.0897,0,0,0,0,0,0,0,0),(0,0,0,0,0,0,63.0897,87.2425,33.3163,0,0,0,0,0,0,0),(0,0,0,0,0,0,0,33.3163,92.3956,75.903,0,0,0,0,0,0),(0,0,0,0,0,0,0,0,75.903,97.979,44.4286,0,0,0,0,0),(0,0,0,0,0,0,0,0,0,44.4286,44.8339,40.931,0,0,0,0),(0,0,0,0,0,0,0,0,0,0,40.931,91.5925,72.6956,0,0,0),(0,0,0,0,0,0,0,0,0,0,0,72.6956,53.0459,24.7322,0,0),(0,0,0,0,0,0,0,0,0,0,0,0,24.7322,28.3848,35.7319,0),(0,0,0,0,0,0,0,0,0,0,0,0,0,35.7319,84.7742,80.1649),(0,0,0,0,0,0,0,0,0,0,0,0,0,0,80.1649,46.8814))
Sync version
