============================
A0: 
 [3,3]((1,0,0),(0,1,0),(0,0,1))
Eigenvalues: [3](1,1,1) 
 U: [3,3]((1,0,0),(0,1,0),(0,0,1)) 
Iter 1
 Elapsed: 0.0032452
============================
A1: 
 [2,2]((6.8,2.4),(2.4,8.2))
Eigenvalues: [2](5,10) 
 U: [2,2]((0.8,-0.6),(0.6,0.8)) 
Iter 2
 Elapsed: 0.00251554
============================
A2: 
 [5,5]((41.16,5.3429,46.9627,28.1203,63.8254),(5.3429,9.4983,28.5801,88.3929,89.146),(46.9627,28.5801,27.1248,7.978,61.5229),(28.1203,88.3929,7.978,53.2953,64.482),(63.8254,89.146,61.5229,64.482,11.9122))
Eigenvalues: [5](37.668,-93.9359,4.87766,-33.886,228.267) 
 U: [5,5]((0.889513,-0.324854,-0.101397,0,-0.304887),(0.0792855,0.728909,-0.1633,-0.441177,-0.491021),(0,0,0.9489,0,-0.315577),(-0.189591,0.0692397,-0.187729,0.778064,-0.564478),(0.408088,0.598638,0.165526,0.44719,0.497714)) 
Iter 5
 Elapsed: 0.0122129
============================
A3: 
 [10,10]((51.6334,19.7451,63.0825,70.4246,25.807,56.1371,40.0409,61.9602,30.1231,56.5918),(19.7451,6.7025,75.8198,72.5541,51.7798,66.5961,40.4868,49.9915,45.9047,62.5143),(63.0825,75.8198,13.8418,8.6364,37.4451,71.5827,67.5155,37.4455,55.7049,48.9764),(70.4246,72.5541,8.6364,67.9664,33.656,46.8559,37.4973,48.462,58.0163,31.5185),(25.807,51.7798,37.4451,33.656,30.1631,72.8303,48.655,45.8493,23.5607,43.6949),(56.1371,66.5961,71.5827,46.8559,72.8303,51.7287,67.4554,61.5395,21.7118,68.7799),(40.0409,40.4868,67.5155,37.4973,48.655,67.4554,63.8333,78.0288,85.0074,19.3576),(61.9602,49.9915,37.4455,48.462,45.8493,61.5395,78.0288,38.8772,82.9059,74.2784),(30.1231,45.9047,55.7049,58.0163,23.5607,21.7118,85.0074,82.9059,75.1684,79.365),(56.5918,62.5143,48.9764,31.5185,43.6949,68.7799,19.3576,74.2784,79.365,97.2098))
Eigenvalues: [10](13.5563,-39.7605,-29.8911,28.6947,-2.30495,6.81106,-15.6953,-30.9444,521.39,45.2689) 
 U: [10,10]((0.954959,0,0,-0.0870277,-0.0708845,0,0,0,-0.273615,0.0242637),(-0.0955967,0.946685,0,-0.0902285,-0.0734916,0,0,0,-0.283679,0.0251561),(-0.0939078,-0.107695,0.94247,-0.0886344,-0.0721932,0,0,0,-0.278667,0.0247117),(0,0,0,0.956026,-0.0732821,0,0,0,-0.28287,0.0250844),(0,0,0,0,0.96828,0,0,0,-0.248892,0.0220713),(-0.100632,-0.115407,-0.127063,-0.094981,-0.0773626,0.924947,0,0,-0.298621,0.0264812),(-0.112364,-0.128861,-0.141875,-0.106054,-0.0863815,-0.174404,0.730248,-0.357164,-0.365114,-0.327686),(-0.100866,-0.115676,-0.127359,-0.0952023,-0.0775428,-0.156559,0,0.852459,-0.327755,-0.294157),(0.120105,0.137738,0.151649,0.11336,0.0923324,0.186419,0.683182,0.381769,0.390268,0.350261),(-0.15081,-0.172952,-0.190419,-0.142341,-0.115937,-0.234078,0,0,-0.377926,0.824476)) 
Iter 10
 Elapsed: 0.054873
