============================
A0: 
 [2,2]((6.8,2.4),(2.4,8.2))
Sync version
Eigenvalues: [2](5,10) 
 U: [2,2]((0.8,-0.6),(0.6,0.8)) 
Iter 1
 Elapsed: 2.23935
Async version
Eigenvalues: [2](5,10) 
 U: [2,2]((0.8,-0.6),(0.6,0.8)) 
Iter 1
 Elapsed: 5.79804
============================
A1: 
 [6,6]((91.3749,17.084,0,0,0,0),(17.084,47.1643,27.7114,0,0,0),(0,27.7114,78.361,65.0886,0,0),(0,0,65.0886,94.5198,40.3075,0),(0,0,0,40.3075,11.1936,41.3748),(0,0,0,0,41.3748,5.7708))
Sync version
Eigenvalues: [6](97.5896,63.9773,7.50794,161.662,39.2104,-41.5626) 
 U: [6,6]((0.928924,0.303111,0.00160631,-0.0939057,0.186406,-0.0406784),(-0.164653,0.540397,0.819801,0.060955,-0.0463628,-0.0540532),(0.0362032,-0.496199,0.419079,-0.577632,0.395983,0.293918),(0.0678736,-0.276996,0.174471,0.777471,0.523662,0.0976866),(-0.197226,0.488884,-0.291733,-0.0521477,0.322984,0.727976),(0.255291,-0.232694,0.191699,0.215931,-0.654034,0.607902)) 
Iter 43
 Elapsed: 29.2678
Async version
Eigenvalues: [6](97.5896,39.2104,7.50794,161.662,63.9773,-41.5626) 
 U: [6,6]((0.927442,0.284287,0.0615362,-0.127222,0.190339,-0.0532042),(-0.357163,0.805401,0.046801,-0.0973414,0.387697,-0.248572),(-0.106244,-0.26993,0.576443,-0.62402,0.379827,0.223369),(0.0257354,-0.0177632,0.644326,0.736362,0.19837,0.0478162),(-0.0128025,-0.110286,-0.477105,0.202139,0.663937,0.52761),(-0.0130915,0.430312,0.137665,-0.0429968,-0.434776,0.777708)) 
Iter 6
 Elapsed: 202.273
