============================
A0: 
 [6,6]((91.3749,17.084,0,0,0,0),(17.084,47.1643,27.7114,0,0,0),(0,27.7114,78.361,65.0886,0,0),(0,0,65.0886,94.5198,40.3075,0),(0,0,0,40.3075,11.1936,41.3748),(0,0,0,0,41.3748,5.7708))
Sync version
Eigenvalues: [6](97.5896,63.9773,7.50794,161.662,39.2104,-41.5626) 
 U: [6,6]((0.925924,0.322319,0.0551673,-0.110893,0.145128,0.0487117),(-0.197644,0.521565,0.745226,0.0373744,-0.242884,0.270473),(0.0241165,-0.540286,0.455266,-0.562078,0.37104,0.215962),(0.0662616,-0.204865,0.294966,0.77458,0.516236,-0.0126951),(-0.247085,0.399125,-0.363208,-0.0996756,0.561165,0.568232),(0.193852,-0.361803,-0.124107,0.245896,-0.448184,0.744838)) 
Iter 36
 Elapsed: 46.1469
============================
Pseudo Sync version
Eigenvalues: [6](97.5896,63.9773,7.50794,161.662,39.2104,-41.5626) 
 U: [6,6]((0.925924,0.322319,0.0551673,-0.110893,0.145128,0.0487117),(-0.197644,0.521565,0.745226,0.0373744,-0.242884,0.270473),(0.0241165,-0.540286,0.455266,-0.562078,0.37104,0.215962),(0.0662616,-0.204865,0.294966,0.77458,0.516236,-0.0126951),(-0.247085,0.399125,-0.363208,-0.0996756,0.561165,0.568232),(0.193852,-0.361803,-0.124107,0.245896,-0.448184,0.744838)) 
Iter 13
 Elapsed: 0.506652
============================
A1: 
 [16,16]((68.9435,51.19,0,0,0,0,0,0,0,0,0,0,0,0,0,0),(51.19,62.27,30.6104,0,0,0,0,0,0,0,0,0,0,0,0,0),(0,30.6104,46.0547,70.1061,0,0,0,0,0,0,0,0,0,0,0,0),(0,0,70.1061,79.6106,17.6959,0,0,0,0,0,0,0,0,0,0,0),(0,0,0,17.6959,26.2457,76.6736,0,0,0,0,0,0,0,0,0,0),(0,0,0,0,76.6736,1.9875,49.5774,0,0,0,0,0,0,0,0,0),(0,0,0,0,0,49.5774,76.4071,63.0897,0,0,0,0,0,0,0,0),(0,0,0,0,0,0,63.0897,87.2425,33.3163,0,0,0,0,0,0,0),(0,0,0,0,0,0,0,33.3163,92.3956,75.903,0,0,0,0,0,0),(0,0,0,0,0,0,0,0,75.903,97.979,44.4286,0,0,0,0,0),(0,0,0,0,0,0,0,0,0,44.4286,44.8339,40.931,0,0,0,0),(0,0,0,0,0,0,0,0,0,0,40.931,91.5925,72.6956,0,0,0),(0,0,0,0,0,0,0,0,0,0,0,72.6956,53.0459,24.7322,0,0),(0,0,0,0,0,0,0,0,0,0,0,0,24.7322,28.3848,35.7319,0),(0,0,0,0,0,0,0,0,0,0,0,0,0,35.7319,84.7742,80.1649),(0,0,0,0,0,0,0,0,0,0,0,0,0,0,80.1649,46.8814))
Sync version
Eigenvalues: [16](113.374,23.026,-20.529,144.185,90.7577,-76.2889,18.3214,149.506,-1.92153,188.928,60.749,160.879,-21.4132,36.4114,154.337,-31.6737) 
 U: [16,16]((0.543568,0.510473,0.372227,-0.314368,-0.129805,0.0871138,0.310704,0.162047,-0.00568668,0.00183694,0.0174677,-0.0338037,0.232818,-0.0195695,0.0564102,-0.00912516),(-0.636923,0.552233,0.201565,0.260746,0.229837,0.0398842,0.299863,-0.128172,0.00649527,-0.00682581,-0.0047467,0.0200085,0.115356,-0.0679596,-0.039126,-0.00469767),(-0.349053,-0.351181,0.592851,-0.391737,0.0384816,0.0540987,-0.272563,0.122273,-0.0785984,0.00495856,-0.0666632,-0.0157826,0.378369,0.0100456,0.0455373,-0.0047006),(0.347908,-0.148316,0.408268,0.722492,0.0499031,0.0188801,-0.154734,-0.252063,-0.0477846,-0.00594869,0.0180912,0.0320548,0.258896,-0.0185489,-0.0829064,-0.00654359),(0.146496,-0.0717911,-0.0848859,-0.166749,0.628249,0.583042,0.00189549,-0.250848,-0.0975329,0.212077,0.194031,-0.184799,-0.0367714,-0.0959555,0.0588442,0.0223697),(-0.114088,0.159755,-0.00379757,0.112428,-0.455117,0.739228,-0.296432,0.0897973,0.226724,-0.135831,-0.0229189,0.0419783,-0.0886479,0.129794,-0.0424387,-0.0252153),(-0.0933768,-0.260214,-0.022243,-0.0271114,-0.476132,0.163652,0.477658,-0.390491,-0.313791,0.232792,-0.222242,-0.266691,0.0601089,-0.0923031,-0.00901614,0.0531827),(0.0111307,-0.277894,-0.0480579,0.16789,0.1626,0.26973,0.423017,0.511929,-0.282256,-0.253403,-0.16031,0.418858,0.0242658,-0.0682113,-0.0203031,0.035613),(-0.0192087,-0.210205,0.248324,-0.0351774,-0.0124896,-0.010951,0.265285,-0.0691081,0.210968,-0.573958,0.353451,-0.326279,-0.307506,-0.152579,-0.11646,-0.283533),(-0.0643745,-0.11644,0.206846,0.0629018,-0.162373,-0.00135512,0.136571,0.151027,0.150243,0.607738,0.479757,0.329054,-0.246507,-0.150339,0.0757303,-0.219693),(-0.0716735,0.109555,-0.215282,0.0580362,-0.179924,-0.0186672,-0.168038,0.195048,-0.512634,-0.0889221,0.616651,-0.184108,0.289457,-0.151315,-0.151199,0.140521),(-0.0060653,-0.0615282,-0.121957,-0.118945,-0.102163,0.00999425,0.0656672,-0.402555,0.214539,-0.288952,0.235228,0.457306,0.256627,-0.223866,0.443486,0.289175),(-0.00908978,-0.137754,-0.149123,0.0845932,0.023232,0.0167532,0.133376,0.278046,0.577154,0.162131,-0.0431467,-0.284701,0.328453,-0.363877,-0.248373,0.333679),(-0.0233095,-0.136329,-0.140291,-0.0342572,0.037889,0.0113829,0.271241,-0.0774856,0.19931,0.0241615,0.267419,0.060248,0.345698,0.769908,-0.209542,-0.0851562),(-0.0436084,-0.0479863,0.151235,0.199175,0.00863118,-0.0179058,0.0858504,0.245828,0.00286444,0.0283495,0.10624,-0.357369,-0.204097,0.319126,0.613632,0.452994),(0.021224,0.0110372,0.249355,-0.13287,0.00238784,-0.0174081,0.00530288,-0.14785,-0.0606185,-0.0145037,0.0793108,0.211058,-0.367252,0.0970926,-0.509511,0.662401)) 
Iter 270
 Elapsed: 3447.17
============================
Pseudo Sync version
Eigenvalues: [16](113.374,23.026,-20.529,144.185,90.7577,-76.2889,18.3214,149.506,-1.92153,188.928,60.749,160.879,-21.4132,36.4114,154.337,-31.6737) 
 U: [16,16]((0.543568,0.510473,0.372227,-0.314368,-0.129805,0.0871138,0.310704,0.162047,-0.00568668,0.00183694,0.0174677,-0.0338037,0.232818,-0.0195695,0.0564102,-0.00912516),(-0.636923,0.552233,0.201565,0.260746,0.229837,0.0398842,0.299863,-0.128172,0.00649527,-0.00682581,-0.0047467,0.0200085,0.115356,-0.0679596,-0.039126,-0.00469767),(-0.349053,-0.351181,0.592851,-0.391737,0.0384816,0.0540987,-0.272563,0.122273,-0.0785984,0.00495856,-0.0666632,-0.0157826,0.378369,0.0100456,0.0455373,-0.0047006),(0.347908,-0.148316,0.408268,0.722492,0.0499031,0.0188801,-0.154734,-0.252063,-0.0477846,-0.00594869,0.0180912,0.0320548,0.258896,-0.0185489,-0.0829064,-0.00654359),(0.146496,-0.0717911,-0.0848859,-0.166749,0.628249,0.583042,0.00189549,-0.250848,-0.0975329,0.212077,0.194031,-0.184799,-0.0367714,-0.0959555,0.0588442,0.0223697),(-0.114088,0.159755,-0.00379757,0.112428,-0.455117,0.739228,-0.296432,0.0897973,0.226724,-0.135831,-0.0229189,0.0419783,-0.0886479,0.129794,-0.0424387,-0.0252153),(-0.0933768,-0.260214,-0.022243,-0.0271114,-0.476132,0.163652,0.477658,-0.390491,-0.313791,0.232792,-0.222242,-0.266691,0.0601089,-0.0923031,-0.00901614,0.0531827),(0.0111307,-0.277894,-0.0480579,0.16789,0.1626,0.26973,0.423017,0.511929,-0.282256,-0.253403,-0.16031,0.418858,0.0242658,-0.0682113,-0.0203031,0.035613),(-0.0192087,-0.210205,0.248324,-0.0351774,-0.0124896,-0.010951,0.265285,-0.0691081,0.210968,-0.573958,0.353451,-0.326279,-0.307506,-0.152579,-0.11646,-0.283533),(-0.0643745,-0.11644,0.206846,0.0629018,-0.162373,-0.00135512,0.136571,0.151027,0.150243,0.607738,0.479757,0.329054,-0.246507,-0.150339,0.0757303,-0.219693),(-0.0716735,0.109555,-0.215282,0.0580362,-0.179924,-0.0186672,-0.168038,0.195048,-0.512634,-0.0889221,0.616651,-0.184108,0.289457,-0.151315,-0.151199,0.140521),(-0.0060653,-0.0615282,-0.121957,-0.118945,-0.102163,0.00999425,0.0656672,-0.402555,0.214539,-0.288952,0.235228,0.457306,0.256627,-0.223866,0.443486,0.289175),(-0.00908978,-0.137754,-0.149123,0.0845932,0.023232,0.0167532,0.133376,0.278046,0.577154,0.162131,-0.0431467,-0.284701,0.328453,-0.363877,-0.248373,0.333679),(-0.0233095,-0.136329,-0.140291,-0.0342572,0.037889,0.0113829,0.271241,-0.0774856,0.19931,0.0241615,0.267419,0.060248,0.345698,0.769908,-0.209542,-0.0851562),(-0.0436084,-0.0479863,0.151235,0.199175,0.00863118,-0.0179058,0.0858504,0.245828,0.00286444,0.0283495,0.10624,-0.357369,-0.204097,0.319126,0.613632,0.452994),(0.021224,0.0110372,0.249355,-0.13287,0.00238784,-0.0174081,0.00530288,-0.14785,-0.0606185,-0.0145037,0.0793108,0.211058,-0.367252,0.0970926,-0.509511,0.662401)) 
Iter 79
 Elapsed: 6.00192
