============================
A0: 
 [2,2]((6.8,2.4),(2.4,8.2))
Sync version
Eigenvalues: [2](5,10) 
 U: [2,2]((0.8,-0.6),(0.6,0.8)) 
Iter 1
 Elapsed: 0.00251974
Async version
Eigenvalues: [2](5,10) 
 U: [2,2]((0.8,-0.6),(0.6,0.8)) 
Iter 1
 Elapsed: 8.3509e-05
============================
A1: 
 [10,10]((51.6334,19.7451,63.0825,70.4246,25.807,56.1371,40.0409,61.9602,30.1231,56.5918),(19.7451,6.7025,75.8198,72.5541,51.7798,66.5961,40.4868,49.9915,45.9047,62.5143),(63.0825,75.8198,13.8418,8.6364,37.4451,71.5827,67.5155,37.4455,55.7049,48.9764),(70.4246,72.5541,8.6364,67.9664,33.656,46.8559,37.4973,48.462,58.0163,31.5185),(25.807,51.7798,37.4451,33.656,30.1631,72.8303,48.655,45.8493,23.5607,43.6949),(56.1371,66.5961,71.5827,46.8559,72.8303,51.7287,67.4554,61.5395,21.7118,68.7799),(40.0409,40.4868,67.5155,37.4973,48.655,67.4554,63.8333,78.0288,85.0074,19.3576),(61.9602,49.9915,37.4455,48.462,45.8493,61.5395,78.0288,38.8772,82.9059,74.2784),(30.1231,45.9047,55.7049,58.0163,23.5607,21.7118,85.0074,82.9059,75.1684,79.365),(56.5918,62.5143,48.9764,31.5185,43.6949,68.7799,19.3576,74.2784,79.365,97.2098))
Sync version
Eigenvalues: [10](25.8052,-97.1712,-14.7568,46.0497,-24.0814,70.5876,-57.7367,-32.2919,524.127,56.5927) 
 U: [10,10]((0.896972,-0.328992,0.0347921,-0.0793707,-0.058834,0.00748803,-0.0237717,-0.0134822,-0.274122,0.0169934),(0.121863,0.6693,-0.409546,-0.470575,-0.0609978,0.234688,-0.024646,-0.013978,-0.296825,0.0176183),(0.0486067,0.443695,0.770434,-0.0366645,-0.0599202,-0.366663,-0.0242106,-0.0137311,-0.258366,0.0173071),(0.100865,0.303264,-0.185458,0.871912,-0.0608239,0.1205,-0.0245757,-0.0139382,-0.289665,0.0175681),(0,0,-0.223603,0,0.80367,-0.451545,0.200481,-0.0122639,-0.22386,0.0988335),(-0.155818,-0.149628,0.30436,-0.0392899,0.183246,0.623251,0.524473,-0.0147143,-0.333382,0.225167),(-0.173983,-0.167071,-0.211987,-0.0438703,-0.475751,-0.385169,0.496682,-0.374721,-0.326186,-0.163565),(-0.156181,-0.149976,-0.0514723,-0.0393814,-0.106245,-0.0771965,-0.00646213,0.835273,-0.365639,-0.316625),(0.185969,0.178581,-0.0833913,0.0468925,-0.207851,-0.195139,0.479099,0.400536,0.382409,0.553975),(-0.233513,-0.224236,-0.0769584,-0.0588808,-0.158852,-0.105714,-0.453985,-0.018622,-0.372171,0.710233)) 
Iter 20
 Elapsed: 0.112504
Async version
